-5.7304044934640256e-05
0.16052051296039774
0.018041476501516388
-0.001894724985118407
-0.01097148707650894
-0.015154553861127056
0.0029639385901487846
0.015502758113283076
-0.04207317723174068
0.003807212050451038
0.08247090295099009
-0.20259357838625225
-0.0024106134330334024
0.05021033303678062
0.007010085488670642
-0.005512147758277673
0.032148670181247986
0.03738286188204136
0.04461783828940638
-0.14652040947693806
-0.014872716857511358
0.0030095895513589416
-0.04484056049214681
-0.0026589777235029115
0.012237249386887519
0.050295782026071385
0.060274154412540054
-0.0006081649782391217
-0.0006080858827142803
